['clfd200', 'clfd400', 'clfd800']

Topologías con 0.1 de dropout
['200', '320-60-15-5', '600-160-25-10-5']

Train
[[0.97404975, 0.9740936, 0.97430336, 0.9742725, 0.97434074, 0.97448546, 0.9739278, 0.9748951, 0.97505933, 0.9741164],
 [0.9967485, 0.99800193, 0.9955828, 0.99768007, 0.99725896, 0.9969485, 0.998449, 0.9967517, 0.99727035, 0.9960738],
 [0.99998534, 0.9999919, 0.9999951, 0.9999951, 0.9999919, 0.99997234, 0.9999951, 1.0, 0.9999951, 0.999987]]

Test
[[0.97324485, 0.97316736, 0.9734821, 0.9733596, 0.97356874, 0.97355753, 0.97311056, 0.9738436, 0.97429776, 0.97315735],
 [0.99093753, 0.99220616, 0.9898989, 0.99205524, 0.9912895, 0.9905261, 0.9924408, 0.9910219, 0.99139196, 0.990405],
 [0.9922908, 0.9925605, 0.9925892, 0.99283504, 0.9932043, 0.9919084, 0.99251455, 0.9932447, 0.99313974, 0.9924612]]
