['clfd200', 'clfd400', 'clfd800']

Topologías con 0.1 de dropout
['200', '320-60-15-5', '600-160-25-10-5']

Train
[[0.9709267, 0.9704211, 0.97054625, 0.9714924, 0.9722956, 0.9710177, 0.97061616, 0.9706503, 0.97080314, 0.97086],
 [0.99610794, 0.99543, 0.9956804, 0.99655014, 0.9963697, 0.9963323, 0.9959031, 0.99545276, 0.9972947, 0.99669486],
 [0.9999626, 0.99994475, 0.9999366, 0.99994475, 0.9999496, 0.999922, 0.9999431, 0.99986666, 0.99993986, 0.99996424]]

Test
[[0.9701363, 0.96928906, 0.9696919, 0.9704525, 0.97130424, 0.97015554, 0.9695404, 0.9698141, 0.96983933, 0.969963],
 [0.9905422, 0.9904825, 0.9899896, 0.9906965, 0.9899182, 0.989608, 0.9901772, 0.98951566, 0.99114895, 0.98989064],
 [0.991641, 0.992302, 0.9921419, 0.9920119, 0.99250656, 0.992646, 0.9917609, 0.99254096, 0.9922179, 0.99246866]]
