['clfd200', 'clfd400', 'clfd800']

Topologías con 0.1 de dropout
['200', '320-60-15-5', '600-160-25-10-5']

Train
[[0.9731198, 0.97297674, 0.9730174, 0.9727784, 0.97305477, 0.9727654, 0.9728516, 0.9731783, 0.97307914, 0.97298324],
 [0.9762705, 0.9763355, 0.97612256, 0.97619736, 0.9760966, 0.97602993, 0.97620714, 0.9766786, 0.97622824, 0.97646075],
 [0.97746056, 0.9775045, 0.9771842, 0.9774102, 0.9770395, 0.977259, 0.97719556, 0.9777012, 0.97729963, 0.9748106]]

Test
[[0.97314095, 0.9728825, 0.9728515, 0.97268224, 0.9728931, 0.97266275, 0.972774, 0.97305894, 0.97297114, 0.97285753],
 [0.97508985, 0.9752907, 0.9750414, 0.97518027, 0.97502816, 0.9750678, 0.9750838, 0.9754545, 0.97520345, 0.97518],
 [0.97554, 0.97554404, 0.9754803, 0.97544163, 0.9754898, 0.9753398, 0.97536474, 0.9755942, 0.97526, 0.97267765]]
