['clfd200', 'clfd400', 'clfd800']

Topologías con 0.1 de dropout
['200', '320-60-15-5', '600-160-25-10-5']

Train
[[0.97377825, 0.97451144, 0.97404, 0.97430986, 0.97410667, 0.9741912, 0.9743505, 0.97395545, 0.9743538, 0.9733133], 
[0.99562836, 0.99555355, 0.9946399, 0.99590474, 0.99555844, 0.9948496, 0.9958332, 0.9966867, 0.99581856, 0.99562675], 
[0.99995774, 0.99978375, 0.99994475, 0.9999187, 0.99987805, 0.99986666, 0.9999155, 0.99978864, 0.99989593, 0.99986345]]

Test
[[0.9728773, 0.9738195, 0.9733031, 0.9735343, 0.97351336, 0.9734586, 0.9735461, 0.97328186, 0.9737217, 0.97269195],
 [0.99085146, 0.99086547, 0.9897176, 0.991202, 0.9909484, 0.98997813, 0.99069136, 0.99194306, 0.9910692, 0.9908107],
 [0.99373215, 0.99331445, 0.9939098, 0.9939264, 0.99258286, 0.99355197, 0.9932912, 0.99327976, 0.9933486, 0.9937307]]
