['clfd200', 'clfd400', 'clfd800']

Topologías con 0.1 de dropout
['200', '320-60-15-5', '600-160-25-10-5']

Train
[[0.9701073, 0.9711819, 0.96952367, 0.97098356, 0.9700179, 0.9714079, 0.9707787, 0.9703999, 0.9709478, 0.9709429],
 [0.99400586, 0.99156886, 0.99224514, 0.9917249, 0.98916596, 0.9932011, 0.99291337, 0.9945976, 0.9950642, 0.99141604],
 [0.9993822, 0.99922776, 0.99718904, 0.9995204, 0.9993448, 0.99933505, 0.99808973, 0.9997285, 0.9990733, 0.9990278]]



Test
[[0.9697814, 0.9706986, 0.96918607, 0.9705448, 0.96956825, 0.9710392, 0.9704711, 0.9699108, 0.9704648, 0.9706685],
 [0.9896097, 0.9878436, 0.98814744, 0.9876686, 0.98558515, 0.9890578, 0.9889097, 0.99022573, 0.9905875, 0.9879119],
 [0.9913667, 0.9910494, 0.9883976, 0.9914046, 0.9917328, 0.9912795, 0.9893934, 0.9920071, 0.9907662, 0.9903941]]
